world: world
x: -1902.063303275109
y: 256.0
z: -404.61046033590003
yaw: -23.320013
pitch: 42.87764
name: crafting
lastowner: 6ebcc49f-0f27-3810-8e9f-27aa68876f6e
