spawns: 
  default: 
    world: world
    x: 0.3667351073755425
    y: 72.0
    z: 0.5357059600621598
    yaw: -90.3645
    pitch: 3.4503007
  admin: 
    world: world
    x: 0.3667351073755425
    y: 72.0
    z: 0.5357059600621598
    yaw: -90.3645
    pitch: 3.4503007
