lastAccountName: lick
timestamps:
  login: 1604767687438
  logout: 1604768529479
ipAddress: 31.41.177.146
lastlocation:
  world: world
  x: 1.189315997286562
  y: 68.24918707874468
  z: 1.001578714353234
  yaw: 88.13342
  pitch: -6.599977
logoutlocation:
  world: world
  x: 105.23733828329179
  y: 74.24918707874468
  z: -235.6406351913524
  yaw: -300.66632
  pitch: 0.8999569
