lastAccountName: Truskawka
timestamps:
  login: 1604669106373
  logout: 1604669212818
ipAddress: 5.173.177.25
lastlocation:
  world: world
  x: -2.5
  y: 67.0
  z: -8.5
  yaw: 0.568275
  pitch: 0.0
logoutlocation:
  world: world
  x: 0.47925825364373226
  y: 72.0
  z: 0.42832254292559996
  yaw: 279.23764
  pitch: 90.0
