lastAccountName: alan23557
timestamps:
  login: 1604753037754
  logout: 1604752036182
ipAddress: 77.255.44.67
lastlocation:
  world: world
  x: 1.438373996055184
  y: 72.0
  z: 0.5133990454131131
  yaw: -92.614525
  pitch: 9.900299
logoutlocation:
  world: world
  x: 986.6393284189033
  y: 64.0
  z: -997.4250056501287
  yaw: 57.29395
  pitch: 20.700294
