lastAccountName: Wojan
timestamps:
  login: 1604672029045
  logout: 1604672019724
ipAddress: 5.173.177.25
lastlocation:
  world: world
  x: -381.2633731755302
  y: 71.0
  z: -596.187605946154
  yaw: 230.94067
  pitch: 23.699474
logoutlocation:
  world: world
  x: 0.9434312531932952
  y: 72.0
  z: 0.7670808541675387
  yaw: -179.4654
  pitch: 52.200287
