lastAccountName: Graf
timestamps:
  login: 1604671911181
  logout: 1604669327067
ipAddress: 5.173.177.25
lastlocation:
  world: world
  x: 12.580715150757296
  y: 81.0
  z: -15.568652649278786
  yaw: -135.81302
  pitch: -9.149421
logoutlocation:
  world: world
  x: 5.661748090305329
  y: 69.0
  z: -2.2388922333150534
  yaw: -62.461563
  pitch: 58.500477
