lastAccountName: Doknes
timestamps:
  login: 1604669203417
  logout: 1604669265120
ipAddress: 5.173.177.25
lastlocation:
  world: world
  x: -5.5
  y: 67.0
  z: 10.5
  yaw: 4.756528
  pitch: 0.0
logoutlocation:
  world: world
  x: 6.699999988079071
  y: 68.0
  z: 10.507244365521473
  yaw: -118.558815
  pitch: 13.65053
