world: world
x: -1882.4442071987116
y: 106.0
z: -396.3446246333183
yaw: -182.21469
pitch: 48.150112
name: slime
lastowner: 6ebcc49f-0f27-3810-8e9f-27aa68876f6e
